0 -24.8799 -383.044 -366.506 39.6862
1 -17.7754 -308.718 -373.967 34.6396
2 -28.6399 -235.157 -381.117 38.9219
3 -21.6611 -160.17 -374.12 36.0642
4 -14.8146 -85.0348 -373.42 39.0714
5 -24.5277 -376.966 -290.941 35.9704
6 -14.669 -307.997 -306.33 32.9989
7 -7.77635 -239.091 -270.365 35.907
8 -19.0203 -166.986 -301.969 36.1978
9 -25.1757 -96.0637 -299.916 34.7241
10 -16.1968 -388.971 -214.125 41.067
11 -11.1649 -315.201 -211.098 32.7026
12 -9.67189 -246.501 -198.55 35.9977
13 -9.0541 -179.414 -209.145 31.0895
14 -15.6439 -115.888 -233.342 32.4364
15 -27.2968 -371.864 -142.101 31.2832
16 -19.8381 -301.71 -127.182 38.8712
17 -27.1436 -229.259 -129.316 33.5792
18 -16.9037 -157.469 -133.389 38.2106
19 -15.7598 -84.4338 -153.273 34.8249
20 -17.4226 -381.83 -67.4791 43.4244
21 -6.67389 -306.582 -56.5085 31.8234
22 -11.2617 -234.486 -55.4888 40.272
23 -0.586904 -159.643 -60.6114 34.5712
24 -18.8871 -89.3763 -63.5472 35.6956
25 75 -452.696 -441.953 34.4113
26 75 -382.757 -444.865 35.5278
27 -10 -304.567 -450.838 42.662
28 -5 -226.59 -451.135 35.3152
29 75 -148.076 -457.535 43.1989
30 16 -446.922 -371.431 36.1869
31 49 -376.052 -374.755 34.6839
32 58 -299.775 -366.634 41.5927
33 46 -221.679 -379.369 36.5035
34 55 -143.638 -372.841 41.5369
35 -9 -451.801 -294.825 40.453
36 46 -375.658 -304.381 35.6902
37 52 -304.499 -289.605 35.4688
38 59 -233.894 -296.174 35.1359
39 53 -163.005 -296.087 35.7534
40 47 -425.566 -223.016 32.0858
41 54 -357.267 -220.901 36.2135
42 51 -284.806 -218.304 36.2477
43 48 -212.639 -225.597 35.9192
44 42 -145.202 -229.151 31.5179
45 4 -438.299 -148.756 42.31
46 38 -360.989 -149.699 35
47 51 -290.689 -146.786 35.2996
48 36 -223.374 -153.206 32.0156
49 53 -159.378 -143.94 31.9797
50 127 -418.776 -426.922 29.0956
51 143 -348.799 -432.765 40.8811
52 95 -270.03 -430.595 37.8884
53 139 -194.928 -443.837 37.2132
54 149 -120.687 -439.838 37.0286
55 85 -446.107 -367.258 32.325
56 111 -379.721 -330.439 34.0612
57 132 -312.264 -363.412 33.3965
58 108 -251.779 -366.39 27.0879
59 110 -192.803 -374.745 31.888
60 63 -448.015 -303.145 31.7936
61 109 -380.888 -261.047 35.3327
62 126 -303.048 -263.061 42.5074
63 128 -226.021 -305.726 34.5196
64 114 -163.205 -315.777 28.2973
65 92 -427.532 -173.129 35.1189
66 124 -349.974 -184.346 42.4391
67 113 -274.484 -188.412 33.0513
68 114 -204.36 -194.226 37.0725
69 104 -132.415 -209.117 34.8728
70 65 -424.827 -104.365 33.6513
71 57 -356.367 -72.5549 34.8084
72 112 -286.449 -110.331 35.1104
73 56 -215.616 -86.5849 35.7219
74 112 -140.722 -108.062 39.173
75 190 -381.396 -378.71 37.7721
76 200 -307.564 -400.211 36.0605
77 172 -231.113 -379.222 40.3907
78 203 -153.287 -399.922 37.4346
79 193 -81.6489 -399.172 34.2039
80 179 -386.112 -301.538 39.4522
81 193 -305.595 -313.134 41.0646
82 202 -224.915 -299.307 39.615
83 175 -152.279 -320.086 33.0208
84 225 -82.1104 -327.821 37.1482
85 168 -396.424 -228.725 33.5207
86 192 -328.904 -232.968 33.9988
87 180 -263.306 -230.314 31.5992
88 185 -192.065 -221.678 39.6423
89 160 -115.185 -251.781 37.2368
90 180 -393.584 -164.271 30.9421
91 198 -321.74 -158.123 40.9015
92 162 -243.893 -148.045 36.9458
93 168 -171.405 -146.964 35.5422
94 153 -100.861 -156.124 35.0016
95 132 -400.785 -95.9065 37.4661
96 161 -328.731 -82.6902 34.5877
97 168 -252.668 -69.6898 41.4758
98 171 -175.168 -75.4107 36.0236
99 171 -102.686 -79.0321 36.4587
100 300 -449.3 -434.626 40.0889
101 219 -369.8 -450.903 39.4107
102 251 -299.166 -443.559 31.2232
103 237 -230.692 -422.577 37.2509
104 259 -158.366 -445.835 35.075
105 230 -438.669 -360.783 34.0157
106 268 -361.969 -368.939 42.6849
107 254 -282.994 -355.641 36.2897
108 256 -210.861 -350.445 35.8434
109 268 -140.515 -369.884 34.5028
110 225 -448.858 -287.798 39.1208
111 240 -379.453 -267.812 30.2841
112 259 -320.023 -292.234 29.1463
113 272 -253.095 -279.498 37.782
114 258 -185.938 -286.162 29.3747
115 217 -439.77 -216.199 32.5668
116 235 -373.239 -203.606 33.965
117 254 -303.512 -208.143 35.7618
118 245 -233.678 -208.053 34.0722
119 258 -160.413 -218.292 39.192
120 227 -429.741 -155.341 28.3749
121 256 -365.851 -134.172 35.5154
122 266 -296.756 -138.84 33.5796
123 232 -228.1 -138.931 35.0757
124 241 -154.005 -140.323 39.0197
