0 0 3060 1183 0
0 1 3054 1193 0.1048
0 2 3052 1194 0.02009
1 0 3067 1189 0
1 1 3064 1187 0.03239
1 2 3061 1191 0.04492
1 3 3060 1194 0.02841
1 4 3056 1196 0.04018
1 5 3052 1196 0.03594
2 0 3012 1132 0
2 1 3003 1131 0.08136
2 2 3000 1126 0.05239
2 3 3000 1122 0.03594
3 0 3029 1249 0
3 1 3032 1244 0.05239
3 2 3040 1245 0.07244
3 3 3039 1249 0.03704
3 4 3035 1252 0.04492
4 0 3038 1258 0
4 1 3040 1253 0.04838
4 2 3041 1248 0.04581
5 0 3025 1389 0
5 1 3020 1388 0.04581
5 2 3018 1386 0.02541
5 3 3011 1391 0.07729
5 4 3013 1394 0.03239
6 0 3030 1392 0
6 1 3023 1394 0.06541
6 2 3020 1396 0.03239
6 3 3020 1398 0.01797
7 0 2975 1433 0
7 1 2975 1429 0.03594
7 2 2976 1424 0.04581
7 3 2972 1427 0.04492
7 4 2970 1429 0.02541
8 0 2917 1040 0
8 1 2922 1039 0.04581
9 0 2920 1042 0
9 1 2920 1045 0.02695
9 2 2916 1047 0.04018
9 3 2912 1044 0.04492
9 4 2911 1041 0.02841
9 5 2909 1037 0.04018
10 0 2906 1089 0
10 1 2915 1085 0.08849
10 2 2917 1095 0.09163
10 3 2912 1098 0.05239
10 4 2910 1097 0.02009
10 5 2905 1100 0.05239
11 0 2767 1219 0
11 1 2759 1234 0.1527
11 2 2751 1227 0.09551
12 0 2843 1232 0
12 1 2849 1232 0.05391
12 2 2848 1239 0.06353
13 0 2643 1244 0
13 1 2638 1241 0.05239
13 2 2642 1236 0.05753
13 3 2642 1234 0.01797
14 0 2530 1310 0
14 1 2529 1316 0.05465
14 2 2523 1311 0.07017
14 3 2527 1305 0.06479
14 4 2535 1306 0.07244
14 5 2535 1307 0.008985
15 0 2747 1471 0
15 1 2748 1467 0.03704
15 2 2745 1464 0.03812
15 3 2755 1459 0.1005
16 0 2463 1442 0
16 1 2465 1448 0.05682
16 2 2452 1450 0.1182
16 3 2447 1450 0.04492
16 4 2455 1446 0.08036
17 0 2489 1099 0
17 1 2497 1103 0.08036
17 2 2490 1111 0.09551
18 0 2388 1089 0
18 1 2396 1091 0.07409
18 2 2396 1099 0.07188
18 3 2390 1101 0.05682
18 4 2386 1098 0.04492
19 0 2365 1135 0
19 1 2374 1138 0.08524
19 2 2372 1143 0.04838
20 0 2568 1051 0
20 1 2569 1058 0.06353
20 2 2562 1059 0.06353
20 3 2562 1055 0.03594
21 0 2555 1056 0
21 1 2560 1064 0.08476
21 2 2562 1061 0.03239
22 0 2753 989 0
22 1 2753 983 0.05391
22 2 2749 980 0.04492
23 0 2743 985 0
23 1 2743 979 0.05391
23 2 2747 977 0.04018
23 3 2753 977 0.05391
23 4 2757 983 0.06479
23 5 2761 986 0.04492
24 0 2670 792 0
24 1 2673 794 0.03239
24 2 2679 790 0.06479
24 3 2687 794 0.08036
24 4 2695 792 0.07409
25 0 1983 1428 0
25 1 1985 1421 0.06541
25 2 1982 1413 0.07677
25 3 1977 1417 0.05753
25 4 1976 1422 0.04581
25 5 1980 1422 0.03594
26 0 2032 1564 0
26 1 2021 1559 0.1086
26 2 2028 1554 0.07729
27 0 2035 1558 0
27 1 2028 1559 0.06353
28 0 1897 1556 0
28 1 1896 1547 0.08136
28 2 1893 1546 0.02841
28 3 1892 1549 0.02841
29 0 1888 1552 0
29 1 1888 1547 0.04492
29 2 1892 1543 0.05083
30 0 1965 1602 0
30 1 1963 1606 0.04018
30 2 1967 1610 0.05083
30 3 1970 1608 0.03239
31 0 1971 1613 0
31 1 1975 1614 0.03704
31 2 1974 1618 0.03704
32 0 1923 1697 0
32 1 1927 1699 0.04018
32 2 1928 1701 0.02009
32 3 1925 1707 0.06027
33 0 1933 1698 0
33 1 1934 1705 0.06353
33 2 1938 1708 0.04492
34 0 1930 1633 0
34 1 1930 1630 0.02695
35 0 1925 1634 0
35 1 1920 1629 0.06353
35 2 1924 1629 0.03594
36 0 2417 1720 0
36 1 2410 1714 0.08284
36 2 2406 1720 0.06479
36 3 2404 1717 0.03239
36 4 2405 1715 0.02009
37 0 2905 737 0
37 1 2911 734 0.06027
38 0 2911 742 0
38 1 2914 733 0.08524
38 2 2918 731 0.04018
39 0 2957 721 0
39 1 2954 725 0.04492
40 0 2960 720 0
40 1 2966 720 0.05391
41 0 3009 735 0
41 1 3014 729 0.07017
41 2 3016 729 0.01797
42 0 3013 737 0
42 1 3018 736 0.04581
43 0 3030 734 0
43 1 3023 735 0.06353
43 2 3019 730 0.05753
44 0 3024 738 0
44 1 3025 741 0.02841
45 0 3507 583 0
45 1 3507 578 0.04492
45 2 3510 574 0.04492
46 0 3513 578 0
46 1 3516 581 0.03812
46 2 3513 583 0.03239
47 0 3499 575 0
47 1 3499 571 0.03594
48 0 3499 575 0
48 1 3499 571 0.03594
49 0 3499 575 0
49 1 3499 571 0.03594
50 0 3495 566 0
50 1 3493 572 0.05682
50 2 3494 577 0.04581
51 0 3462 547 0
51 1 3463 550 0.02841
51 2 3461 553 0.03239
52 0 3457 552 0
52 1 3460 555 0.03812
52 2 3460 559 0.03594
53 0 3492 726 0
53 1 3494 731 0.04838
53 2 3486 732 0.07244
53 3 3484 725 0.06541
54 0 3403 733 0
54 1 3401 737 0.04018
54 2 3397 741 0.05083
55 0 3573 820 0
55 1 3575 816 0.04018
55 2 3577 813 0.03239
56 0 3565 814 0
56 1 3568 815 0.02841
56 2 3572 813 0.04018
57 0 3628 777 0
57 1 3632 780 0.04492
58 0 3620 778 0
58 1 3624 778 0.03594
59 0 3620 778 0
59 1 3624 778 0.03594
60 0 3624 1048 0
60 1 3615 1036 0.1348
60 2 3614 1041 0.04581
61 0 3614 1046 0
61 1 3617 1044 0.03239
62 0 3611 1053 0
62 1 3612 1050 0.02841
62 2 3610 1048 0.02541
63 0 3605 1051 0
63 1 3599 1054 0.06027
63 2 3602 1059 0.05239
64 0 3401 1278 0
64 1 3404 1282 0.04492
65 0 3411 1280 0
65 1 3408 1285 0.05239
65 2 3402 1287 0.05682
66 0 3411 1291 0
66 1 3406 1288 0.05239
67 0 3298 1461 0
67 1 3296 1456 0.04838
67 2 3296 1453 0.02695
67 3 3299 1451 0.03239
67 4 3305 1448 0.06027
68 0 3307 1453 0
68 1 3305 1450 0.03239
68 2 3299 1453 0.06027
68 3 3299 1456 0.02695
68 4 3301 1456 0.01797
69 0 3302 1461 0
69 1 3303 1458 0.02841
69 2 3307 1457 0.03704
70 0 3309 1461 0
70 1 3312 1462 0.02841
71 0 2821 1612 0
71 1 2817 1607 0.05753
71 2 2809 1608 0.07244
71 3 2801 1607 0.07244
72 0 2819 1598 0
72 1 2815 1599 0.03704
72 2 2812 1600 0.02841
72 3 2811 1603 0.02841
72 4 2810 1606 0.02841
73 0 2822 1605 0
73 1 2819 1603 0.03239
73 2 2816 1603 0.02695
74 0 2806 1602 0
74 1 2808 1604 0.02541
75 0 2898 1663 0
75 1 2904 1665 0.05682
75 2 2902 1673 0.07409
76 0 2968 1687 0
76 1 2960 1687 0.07188
76 2 2958 1683 0.04018
77 0 2978 1753 0
77 1 2982 1756 0.04492
77 2 2974 1757 0.07244
77 3 2975 1764 0.06353
77 4 2980 1764 0.04492
78 0 2908 1829 0
78 1 2902 1828 0.05465
78 2 2902 1824 0.03594
78 3 2910 1824 0.07188
78 4 2914 1829 0.05753
79 0 2573 1372 0
79 1 2565 1369 0.07677
80 0 2573 1377 0
80 1 2575 1375 0.02541
80 2 2576 1367 0.07244
80 3 2571 1367 0.04492
80 4 2568 1369 0.03239
81 0 2899 1920 0
81 1 2895 1924 0.05083
81 2 2896 1929 0.04581
81 3 2901 1929 0.04492
81 4 2906 1926 0.05239
81 5 2903 1926 0.02695
82 0 2814 1846 0
82 1 2810 1848 0.04018
82 2 2805 1849 0.04581
82 3 2798 1852 0.06843
83 0 2678 1952 0
83 1 2682 1948 0.05083
83 2 2686 1951 0.04492
84 0 2782 1898 0
84 1 2785 1894 0.04492
84 2 2787 1897 0.03239
85 0 2543 1958 0
85 1 2539 1962 0.05083
85 2 2547 1970 0.1017
85 3 2544 1972 0.03239
85 4 2539 1973 0.04581
86 0 2486 1923 0
86 1 2483 1928 0.05239
86 2 2479 1931 0.04492
87 0 3704 1144 0
87 1 3711 1142 0.06541
87 2 3718 1142 0.06289
88 0 3686 1249 0
88 1 3686 1255 0.05391
88 2 3683 1253 0.03239
88 3 3683 1259 0.05391
88 4 3685 1263 0.04018
89 0 3679 1245 0
89 1 3681 1247 0.02541
90 0 3814 1290 0
90 1 3818 1288 0.04018
90 2 3819 1290 0.02009
90 3 3817 1295 0.04838
90 4 3813 1297 0.04018
91 0 3826 1278 0
91 1 3824 1276 0.02541
91 2 3821 1279 0.03812
91 3 3819 1280 0.02009
91 4 3822 1283 0.03812
91 5 3825 1281 0.03239
92 0 3848 1426 0
92 1 3850 1419 0.06541
92 2 3855 1420 0.04581
92 3 3858 1414 0.06027
93 0 3856 1410 0
93 1 3859 1408 0.03239
94 0 4058 1302 0
94 1 4061 1304 0.03239
94 2 4060 1307 0.02841
94 3 4056 1310 0.04492
95 0 4115 1277 0
95 1 4116 1275 0.02009
95 2 4114 1273 0.02541
95 3 4114 1270 0.02695
95 4 4109 1269 0.04581
96 0 4110 1275 0
96 1 4109 1273 0.02009
96 2 4107 1272 0.02009
96 3 4107 1270 0.01797
96 4 4104 1271 0.02841
97 0 4099 1268 0
97 1 4101 1270 0.02541
97 2 4101 1273 0.02695
97 3 4102 1275 0.02009
97 4 4105 1275 0.02695
97 5 4105 1276 0.008985
98 0 4110 1225 0
98 1 4112 1222 0.03239
98 2 4110 1219 0.03239
98 3 4104 1217 0.05682
98 4 4101 1220 0.03812
99 0 4105 1211 0
99 1 4106 1214 0.02841
99 2 4108 1215 0.02009
100 0 4110 1216 0
100 1 4113 1213 0.03812
101 0 4112 1208 0
101 1 4113 1210 0.02009
102 0 3193 1388 0
102 1 3190 1390 0.03239
102 2 3190 1395 0.04492
102 3 3187 1396 0.02841
102 4 3183 1393 0.04492
102 5 3183 1390 0.02695
103 0 3146 1383 0
103 1 3146 1376 0.06289
103 2 3143 1372 0.04492
103 3 3146 1370 0.03239
104 0 3470 1633 0
104 1 3476 1634 0.05465
104 2 3480 1637 0.04492
104 3 3477 1639 0.03239
104 4 3479 1643 0.04018
105 0 3270 1590 0
105 1 3277 1577 0.1327
105 2 3272 1578 0.04581
106 0 3261 1656 0
106 1 3254 1660 0.07244
106 2 3256 1654 0.05682
106 3 3258 1650 0.04018
106 4 3253 1647 0.05239
106 5 3251 1651 0.04018
107 0 3381 1906 0
107 1 3381 1911 0.04492
107 2 3386 1912 0.04581
107 3 3388 1910 0.02541
107 4 3390 1913 0.03239
108 0 3392 1910 0
108 1 3395 1910 0.02695
109 0 3393 1916 0
109 1 3395 1913 0.03239
110 0 3555 1769 0
110 1 3551 1770 0.03704
110 2 3550 1773 0.02841
110 3 3547 1775 0.03239
110 4 3547 1779 0.03594
110 5 3553 1776 0.06027
111 0 3545 1774 0
111 1 3546 1772 0.02009
111 2 3547 1770 0.02009
112 0 3546 1922 0
112 1 3549 1919 0.03812
113 0 3546 1922 0
113 1 3549 1919 0.03812
114 0 3544 1915 0
114 1 3540 1917 0.04018
114 2 3543 1918 0.02841
115 0 3623 2057 0
115 1 3619 2057 0.03594
115 2 3616 2062 0.05239
115 3 3625 2064 0.08284
115 4 3628 2067 0.03812
116 0 3658 2038 0
116 1 3662 2039 0.03704
116 2 3658 2043 0.05083
116 3 3661 2045 0.03239
117 0 3660 2033 0
117 1 3662 2035 0.02541
118 0 3521 2229 0
118 1 3526 2226 0.05239
119 0 3521 2229 0
119 1 3526 2226 0.05239
120 0 3527 2222 0
120 1 3521 2220 0.05682
121 0 3517 2221 0
121 1 3511 2221 0.05391
121 2 3517 2225 0.06479
122 0 3568 2349 0
122 1 3572 2357 0.08036
122 2 3579 2354 0.06843
123 0 3343 2351 0
123 1 3339 2351 0.03594
123 2 3336 2348 0.03812
123 3 3335 2345 0.02841
124 0 3342 2337 0
124 1 3337 2339 0.04838
124 2 3334 2340 0.02841
125 0 3185 2300 0
125 1 3191 2295 0.07017
125 2 3195 2291 0.05083
125 3 3189 2286 0.07017
125 4 3183 2289 0.06027
125 5 3181 2292 0.03239
126 0 3096 2287 0
126 1 3092 2286 0.03704
127 0 3096 2287 0
127 1 3092 2286 0.03704
128 0 3094 2293 0
128 1 3094 2297 0.03594
128 2 3096 2297 0.01797
129 0 2395 2108 0
129 1 2401 2103 0.07017
130 0 2403 2108 0
130 1 2400 2108 0.02695
131 0 3798 1492 0
131 1 3799 1483 0.08136
131 2 3789 1487 0.09677
132 0 3862 1695 0
132 1 3855 1698 0.06843
132 2 3850 1693 0.06353
133 0 4006 1803 0
133 1 3998 1803 0.07188
133 2 3998 1810 0.06289
133 3 4008 1811 0.0903
133 4 4002 1813 0.05682
134 0 4115 1704 0
134 1 4118 1698 0.06027
134 2 4126 1699 0.07244
134 3 4129 1703 0.04492
135 0 4231 1651 0
135 1 4236 1650 0.04581
135 2 4236 1657 0.06289
135 3 4229 1659 0.06541
136 0 4199 1725 0
136 1 4195 1730 0.05753
136 2 4204 1732 0.08284
136 3 4203 1737 0.04581
137 0 4197 1739 0
137 1 4197 1734 0.04492
138 0 4306 1514 0
138 1 4301 1517 0.05239
138 2 4304 1520 0.03812
138 3 4308 1520 0.03594
139 0 4286 1394 0
139 1 4278 1394 0.07188
140 0 4285 1388 0
140 1 4291 1391 0.06027
141 0 4288 1328 0
141 1 4287 1333 0.04581
141 2 4296 1340 0.1024
142 0 3662 884 0
142 1 3667 876 0.08476
142 2 3675 878 0.07409
142 3 3672 881 0.03812
143 0 3682 861 0
143 1 3676 857 0.06479
144 0 3676 869 0
144 1 3678 867 0.02541
144 2 3676 864 0.03239
145 0 3144 826 0
145 1 3144 830 0.03594
145 2 3142 834 0.04018
146 0 3151 829 0
146 1 3148 830 0.02841
146 2 3148 835 0.04492
146 3 3150 835 0.01797
147 0 3187 1145 0
147 1 3186 1149 0.03704
147 2 3183 1148 0.02841
148 0 3186 1154 0
148 1 3187 1151 0.02841
148 2 3189 1152 0.02009
149 0 4180 1920 0
149 1 4170 1913 0.1097
149 2 4166 1916 0.04492
149 3 4169 1922 0.06027
149 4 4176 1924 0.06541
150 0 4124 2201 0
150 1 4119 2205 0.05753
150 2 4124 2210 0.06353
151 0 4129 2209 0
151 1 4139 2203 0.1048
151 2 4145 2203 0.05391
151 3 4139 2207 0.06479
152 0 3948 2398 0
152 1 3957 2394 0.08849
152 2 3959 2399 0.04838
152 3 3965 2397 0.05682
153 0 3913 2461 0
153 1 3903 2454 0.1097
153 2 3909 2451 0.06027
154 0 2645 2353 0
154 1 2651 2350 0.06027
154 2 2659 2350 0.07188
155 0 2759 2502 0
155 1 2761 2509 0.06541
155 2 2771 2507 0.09163
156 0 2763 2518 0
156 1 2766 2509 0.08524
157 0 2654 2750 0
157 1 2645 2740 0.1209
157 2 2652 2735 0.07729
158 0 4176 2362 0
158 1 4165 2366 0.1052
158 2 4173 2374 0.1017
159 0 4189 2374 0
159 1 4186 2369 0.05239
159 2 4175 2369 0.09883
160 0 4181 2512 0
160 1 4175 2517 0.07017
160 2 4167 2515 0.07409
161 0 4185 2522 0
161 1 4180 2519 0.05239
162 0 3815 2573 0
162 1 3808 2576 0.06843
162 2 3806 2575 0.02009
162 3 3805 2571 0.03704
162 4 3808 2568 0.03812
163 0 3802 2581 0
163 1 3807 2579 0.04838
163 2 3809 2581 0.02541
164 0 3817 2591 0
164 1 3814 2585 0.06027
164 2 3808 2583 0.05682
164 3 3804 2587 0.05083
165 0 3893 2780 0
165 1 3897 2769 0.1052
165 2 3901 2773 0.05083
166 0 3951 2652 0
166 1 3945 2658 0.07624
166 2 3938 2654 0.07244
167 0 3558 2786 0
167 1 3563 2780 0.07017
167 2 3568 2785 0.06353
168 0 3483 2742 0
168 1 3486 2736 0.06027
168 2 3489 2736 0.02695
169 0 3855 1885 0
169 1 3862 1885 0.06289
169 2 3860 1890 0.04838
170 0 3770 1983 0
170 1 3763 1979 0.07244
170 2 3756 1982 0.06843
171 0 2165 1567 0
171 1 2168 1564 0.03812
171 2 2171 1564 0.02695
171 3 2174 1558 0.06027
171 4 2180 1563 0.07017
171 5 2182 1566 0.03239
172 0 3121 2549 0
172 1 3128 2555 0.08284
172 2 3129 2560 0.04581
173 0 3151 2531 0
173 1 3159 2530 0.07244
173 2 3161 2527 0.03239
174 0 3113 2503 0
174 1 3116 2507 0.04492
174 2 3116 2512 0.04492
175 0 3333 2068 0
175 1 3330 2069 0.02841
175 2 3327 2066 0.03812
175 3 3328 2063 0.02841
175 4 3334 2063 0.05391
176 0 3326 2058 0
176 1 3330 2059 0.03704
177 0 2944 2127 0
177 1 2940 2123 0.05083
177 2 2936 2126 0.04492
177 3 2937 2132 0.05465
178 0 2622 2116 0
178 1 2618 2111 0.05753
178 2 2615 2105 0.06027
178 3 2612 2108 0.03812
178 4 2610 2111 0.03239
178 5 2614 2114 0.04492
